76,33587786	75,94936709	75,94936709	Sham
75,94936709	75,94936709	77,82101167	Sham
75,94936709	77,82101167	86,08321377	Sham
77,82101167	86,08321377	79,26023778	Sham
86,08321377	79,26023778	75,75757576	Sham
79,26023778	75,75757576	70,42253521	Sham
75,75757576	70,42253521	77,22007722	Sham
70,42253521	77,22007722	76,04562738	Sham
77,22007722	76,04562738	65,71741512	Sham
76,04562738	65,71741512	84,15147265	Sham
65,71741512	84,15147265	81,74386921	Sham
84,15147265	81,74386921	74,81296758	Sham
81,74386921	74,81296758	76,72634271	Sham
74,81296758	76,72634271	69,20415225	Sham
76,72634271	69,20415225	69,68641115	Sham
69,20415225	69,68641115	72,11538462	Sham
69,68641115	72,11538462	72,81553398	Sham
72,11538462	72,81553398	77,02182285	Sham
72,81553398	77,02182285	77,41935484	Sham
77,02182285	77,41935484	73,80073801	Sham
77,41935484	73,80073801	77,92207792	Sham
73,80073801	77,92207792	77,72020725	Sham
77,92207792	77,72020725	77,82101167	Sham
77,72020725	77,82101167	73,71007371	Sham
77,82101167	73,71007371	67,34006734	Sham
73,71007371	67,34006734	76,62835249	Sham
67,34006734	76,62835249	77,92207792	Sham
76,62835249	77,92207792	74,71980075	Sham
77,92207792	74,71980075	76,53061224	Sham
74,71980075	76,53061224	84,62623413	Sham
76,53061224	84,62623413	77,61966365	Sham
84,62623413	77,61966365	78,74015748	Sham
77,61966365	78,74015748	75,18796992	Sham
78,74015748	75,18796992	73,89162562	Sham
75,18796992	73,89162562	74,25742574	Sham
73,89162562	74,25742574	77,72020725	Sham
74,25742574	77,72020725	78,43137255	Sham
77,72020725	78,43137255	69,28406467	Sham
78,43137255	69,28406467	76,23888183	Sham
69,28406467	76,23888183	85,71428571	Sham
76,23888183	85,71428571	77,72020725	Sham
85,71428571	77,72020725	73,17073171	Sham
77,72020725	73,17073171	76,53061224	Sham
73,17073171	76,53061224	79,36507937	Sham
76,53061224	79,36507937	79,26023778	Sham
79,36507937	79,26023778	76,53061224	Sham
79,26023778	76,53061224	78,74015748	Sham
76,53061224	78,74015748	74,44168734	Sham
78,74015748	74,44168734	76,04562738	Sham
74,44168734	76,04562738	78,74015748	Sham
76,04562738	78,74015748	82,6446281	Sham
78,74015748	82,6446281	80,10680908	Sham
82,6446281	80,10680908	70,5052879	Sham
80,10680908	70,5052879	72,63922518	Sham
70,5052879	72,63922518	73,43941248	Sham
72,63922518	73,43941248	72,46376812	Sham
73,43941248	72,46376812	79,36507937	Sham
72,46376812	79,36507937	77,02182285	Sham
79,36507937	77,02182285	74,62686567	Sham
77,02182285	74,62686567	73,43941248	Sham
74,62686567	73,43941248	75,47169811	Sham
73,43941248	75,47169811	77,72020725	Sham
75,47169811	77,72020725	78,22685789	Sham
77,72020725	78,22685789	82,30452675	Sham
78,22685789	82,30452675	87,20930233	Sham
82,30452675	87,20930233	84,62623413	Sham
87,20930233	84,62623413	83,33333333	Sham
84,62623413	83,33333333	77,92207792	Sham
83,33333333	77,92207792	80,53691275	Sham
77,92207792	80,53691275	80,97165992	Sham
80,53691275	80,97165992	83,33333333	Sham
80,97165992	83,33333333	86,70520231	Sham
83,33333333	86,70520231	73,6196319	Sham
86,70520231	73,6196319	68,02721088	Sham
73,6196319	68,02721088	109,2896175	Sham
68,02721088	109,2896175	81,63265306	Sham
109,2896175	81,63265306	75	Sham
81,63265306	75	74,25742574	Sham
75	74,25742574	70,1754386	Sham
74,25742574	70,1754386	78,63695937	Sham
70,1754386	78,63695937	83,91608392	Sham
78,63695937	83,91608392	82,75862069	Sham
83,91608392	82,75862069	79,47019868	Sham
82,75862069	79,47019868	91,74311927	Sham
79,47019868	91,74311927	85,10638298	Sham
91,74311927	85,10638298	79,57559682	Sham
85,10638298	79,57559682	81,08108108	Sham
79,57559682	81,08108108	90,22556391	Sham
81,08108108	90,22556391	69,68641115	Sham
90,22556391	69,68641115	73,43941248	Sham
69,68641115	73,43941248	75	Sham
72,72727273	75	76,72634271	Sham
75	76,72634271	79,89347537	Sham
76,72634271	79,89347537	81,63265306	Sham
79,89347537	81,63265306	81,85538881	Sham
81,63265306	81,85538881	73,26007326	Sham
81,85538881	73,26007326	73,43941248	Sham
73,26007326	73,43941248	78,22685789	Sham
73,43941248	78,22685789	75,85335019	Sham
78,22685789	75,85335019	73,34963325	Sham
75,85335019	73,34963325	75,66204288	Sham
73,34963325	75,66204288	78,43137255	Sham
75,66204288	78,43137255	78,53403141	Sham
78,43137255	78,53403141	78,63695937	Sham
78,53403141	78,63695937	79,6812749	Sham
78,63695937	79,6812749	80,32128514	Sham
79,6812749	80,32128514	94,78672986	Sham
80,32128514	94,78672986	91,88361409	Sham
94,78672986	91,88361409	83,44923505	Sham
91,88361409	83,44923505	77,12082262	Sham
83,44923505	77,12082262	80,75370121	Sham
77,12082262	80,75370121	82,30452675	Sham
80,75370121	82,30452675	86,58008658	Sham
82,30452675	86,58008658	80,64516129	Sham
86,58008658	80,64516129	81,19079838	Sham
80,64516129	81,19079838	82,53094911	Sham
81,19079838	82,53094911	84,03361345	Sham
82,53094911	84,03361345	84,86562942	Sham
84,03361345	84,86562942	76,33587786	Sham
84,86562942	76,33587786	78,94736842	Sham
76,33587786	78,94736842	84,26966292	Sham
78,94736842	84,26966292	83,56545961	Sham
84,26966292	83,56545961	101,6949153	Sham
83,56545961	101,6949153	95,84664537	Sham
101,6949153	95,84664537	88,75739645	Sham
95,84664537	88,75739645	87,08272859	Sham
88,75739645	87,08272859	85,47008547	Sham
87,08272859	85,47008547	83,56545961	Sham
85,47008547	83,56545961	83,44923505	Sham
83,56545961	83,44923505	87,20930233	Sham
83,44923505	87,20930233	82,75862069	Sham
87,20930233	82,75862069	161,7250674	Sham
82,75862069	161,7250674	224,7191011	Sham
161,7250674	224,7191011	189,8734177	Sham
224,7191011	189,8734177	129,5896328	Sham
189,8734177	129,5896328	73,17073171	Sham
129,5896328	73,17073171	67,41573034	Sham
73,17073171	67,41573034	73,43941248	Sham
67,41573034	73,43941248	78,32898172	Sham
73,43941248	78,32898172	73,98273736	Sham
78,32898172	73,98273736	84,15147265	Sham
73,98273736	84,15147265	76,92307692	Sham
84,15147265	76,92307692	82,75862069	Sham
76,92307692	82,75862069	80,75370121	Sham
82,75862069	80,75370121	75,94936709	Sham
80,75370121	75,94936709	82,19178082	Sham
75,94936709	82,19178082	83,79888268	Sham
82,19178082	83,79888268	87,71929825	Sham
83,79888268	87,71929825	82,6446281	Sham
87,71929825	82,6446281	79,36507937	Sham
82,6446281	79,36507937	80,86253369	Sham
79,36507937	80,86253369	81,96721311	Sham
80,86253369	81,96721311	84,15147265	Sham
81,96721311	84,15147265	92,02453988	Sham
84,15147265	92,02453988	82,19178082	Sham
92,02453988	82,19178082	87,59124088	Sham
82,19178082	87,59124088	77,41935484	Sham
87,59124088	77,41935484	82,19178082	Sham
77,41935484	82,19178082	89,15304606	Sham
82,19178082	89,15304606	83,91608392	Sham
89,15304606	83,91608392	80,10680908	Sham
83,91608392	80,10680908	81,85538881	Sham
80,10680908	81,85538881	88,62629247	Sham
81,85538881	88,62629247	84,15147265	Sham
88,62629247	84,15147265	83,68200837	Sham
84,15147265	83,68200837	80,64516129	Sham
83,68200837	80,64516129	82,53094911	Sham
80,64516129	82,53094911	86,20689655	Sham
82,53094911	86,20689655	82,6446281	Sham
86,20689655	82,6446281	74,53416149	Sham
82,6446281	74,53416149	86,83068017	Sham
74,53416149	86,83068017	83,21775312	Sham
86,83068017	83,21775312	82,53094911	Sham
83,21775312	82,53094911	79,6812749	Sham
82,53094911	79,6812749	80,97165992	Sham
79,6812749	80,97165992	84,15147265	Sham
80,97165992	84,15147265	81,74386921	Sham
84,15147265	81,74386921	83,10249307	Sham
81,74386921	83,10249307	85,83690987	Sham
83,10249307	85,83690987	80,64516129	Sham
85,83690987	80,64516129	79,6812749	Sham
80,64516129	79,6812749	82,87292818	Sham
79,6812749	82,87292818	83,21775312	Sham
82,87292818	83,21775312	68,64988558	Sham
83,21775312	68,64988558	81,30081301	Sham
68,64988558	81,30081301	81,63265306	Sham
81,30081301	81,63265306	80,21390374	Sham
81,63265306	80,21390374	75,75757576	Sham
80,21390374	75,75757576	78,84362681	Sham
75,75757576	78,84362681	82,19178082	Sham
78,84362681	82,19178082	80,21390374	Sham
82,19178082	80,21390374	82,75862069	Sham
80,21390374	82,75862069	81,52173913	Sham
82,75862069	81,52173913	80,32128514	Sham
81,52173913	80,32128514	82,53094911	Sham
80,32128514	82,53094911	79,47019868	Sham
82,53094911	79,47019868	78,125	Sham
79,47019868	78,125	79,26023778	Sham
78,125	79,26023778	79,57559682	Sham
79,26023778	79,57559682	79,78723404	Sham
79,57559682	79,78723404	79,78723404	Sham
79,78723404	79,78723404	79,78723404	Sham
79,78723404	79,78723404	77,92207792	Sham
79,78723404	77,92207792	80,86253369	Sham
77,92207792	80,86253369	79,15567282	Sham
80,86253369	79,15567282	79,47019868	Sham
79,15567282	79,47019868	86,45533141	Sham
79,47019868	86,45533141	80,86253369	Sham
86,45533141	80,86253369	87,97653959	Sham
80,86253369	87,97653959	84,26966292	Sham
87,97653959	84,26966292	79,6812749	Sham
84,26966292	79,6812749	79,57559682	Sham
79,6812749	79,57559682	78,02340702	Sham
79,57559682	78,02340702	78,02340702	Sham
78,02340702	78,02340702	79,26023778	Sham
78,02340702	79,26023778	76,04562738	Sham
79,26023778	76,04562738	79,57559682	Sham
76,04562738	79,57559682	83,68200837	Sham
79,57559682	83,68200837	93,02325581	Sham
83,68200837	93,02325581	87,46355685	Sham
93,02325581	87,46355685	83,79888268	Sham
87,46355685	83,79888268	129,5896328	Sham
83,79888268	129,5896328	197,3684211	Sham
129,5896328	197,3684211	94,63722397	Sham
197,3684211	94,63722397	80	Sham
94,63722397	80	86,08321377	Sham
80	86,08321377	88,75739645	Sham
86,08321377	88,75739645	108,4990958	Sham
88,75739645	108,4990958	94,33962264	Sham
108,4990958	94,33962264	88,62629247	Sham
94,33962264	88,62629247	76,14213198	Sham
88,62629247	76,14213198	79,0513834	Sham
76,14213198	79,0513834	80,32128514	Sham
79,0513834	80,32128514	84,03361345	Sham
80,32128514	84,03361345	88,62629247	Sham
84,03361345	88,62629247	86,95652174	Sham
88,62629247	86,95652174	82,07934337	Sham
86,95652174	82,07934337	76,14213198	Sham
82,07934337	76,14213198	76,82458387	Sham
76,14213198	76,82458387	74,90636704	Sham
76,82458387	74,90636704	82,30452675	Sham
74,90636704	82,30452675	81,85538881	Sham
82,30452675	81,85538881	86,70520231	Sham
81,85538881	86,70520231	83,91608392	Sham
86,70520231	83,91608392	79,36507937	Sham
83,91608392	79,36507937	77,61966365	Sham
79,36507937	77,61966365	72,28915663	Sham
77,61966365	72,28915663	73,0816078	Sham
72,28915663	73,0816078	77,92207792	Sham
73,0816078	77,92207792	78,84362681	Sham
77,92207792	78,84362681	78,22685789	Sham
78,84362681	78,22685789	77,92207792	Sham
78,22685789	77,92207792	78,32898172	Sham
77,92207792	78,32898172	79,47019868	Sham
78,32898172	79,47019868	76,33587786	Sham
79,47019868	76,33587786	78,74015748	Sham
76,33587786	78,74015748	90,49773756	Sham
78,74015748	90,49773756	81,41112619	Sham
90,49773756	81,41112619	75,75757576	Sham
81,41112619	75,75757576	83,21775312	Sham
75,75757576	83,21775312	76,72634271	Sham
83,21775312	76,72634271	78,94736842	Sham
76,72634271	78,94736842	80,42895442	Sham
78,94736842	80,42895442	78,02340702	Sham
80,42895442	78,02340702	80,75370121	Sham
78,02340702	80,75370121	76,53061224	Sham
80,75370121	76,53061224	81,63265306	Sham
76,53061224	81,63265306	82,6446281	Sham
81,63265306	82,6446281	80,10680908	Sham
82,6446281	80,10680908	73,52941176	Sham
80,10680908	73,52941176	82,75862069	Sham
73,52941176	82,75862069	79,6812749	Sham
82,75862069	79,6812749	81,63265306	Sham
79,6812749	81,63265306	82,30452675	Sham
81,63265306	82,30452675	79,0513834	Sham
82,30452675	79,0513834	74,16563659	Sham
79,0513834	74,16563659	77,02182285	Sham
74,16563659	77,02182285	85,59201141	Sham
77,02182285	85,59201141	79,89347537	Sham
85,59201141	79,89347537	85,3485064	Sham
79,89347537	85,3485064	79,0513834	Sham
85,3485064	79,0513834	80	Sham
79,0513834	80	84,62623413	Sham
80	84,62623413	80,64516129	Sham
84,62623413	80,64516129	82,19178082	Sham
80,64516129	82,19178082	88,365243	Sham
82,19178082	88,365243	77,41935484	Sham
88,365243	77,41935484	76,62835249	Sham
77,41935484	76,62835249	80,64516129	Sham
76,62835249	80,64516129	81,19079838	Sham
80,64516129	81,19079838	80	Sham
81,19079838	80	80,86253369	Sham
80	80,86253369	79,6812749	Sham
80,86253369	79,6812749	79,15567282	Sham
79,6812749	79,15567282	80,75370121	Sham
79,15567282	80,75370121	81,19079838	Sham
80,75370121	81,19079838	82,41758242	Sham
81,19079838	82,41758242	82,07934337	Sham
82,41758242	82,07934337	88,23529412	Sham
82,07934337	88,23529412	79,47019868	Sham
88,23529412	79,47019868	76,14213198	Sham
79,47019868	76,14213198	77,12082262	Sham
76,14213198	77,12082262	76,72634271	Sham
77,12082262	76,72634271	82,41758242	Sham
76,72634271	82,41758242	85,95988539	Sham
82,41758242	85,95988539	84,98583569	Sham
85,95988539	84,98583569	80,42895442	Sham
84,98583569	80,42895442	84,62623413	Sham
80,42895442	84,62623413	81,41112619	Sham
84,62623413	81,41112619	87,08272859	Sham
81,41112619	87,08272859	76,92307692	Sham
87,08272859	76,92307692	78,125	Sham
76,92307692	78,125	82,98755187	Sham
78,125	82,98755187	80,10680908	Sham
82,98755187	80,10680908	78,22685789	Sham
80,10680908	78,22685789	83,33333333	Sham
78,22685789	83,33333333	77,92207792	Sham
83,33333333	77,92207792	83,33333333	Sham
77,92207792	83,33333333	83,56545961	Sham
83,33333333	83,56545961	78,02340702	Sham
83,56545961	78,02340702	77,82101167	Sham
78,02340702	77,82101167	93,60374415	Sham
77,82101167	93,60374415	84,62623413	Sham
93,60374415	84,62623413	88,88888889	Sham
84,62623413	88,88888889	86,83068017	Sham
88,88888889	86,83068017	81,85538881	Sham
86,83068017	81,85538881	82,30452675	Sham
81,85538881	82,30452675	77,92207792	Sham
82,30452675	77,92207792	78,63695937	Sham
77,92207792	78,63695937	76,82458387	Sham
78,63695937	76,82458387	83,68200837	Sham
76,82458387	83,68200837	81,19079838	Sham
83,68200837	81,19079838	83,91608392	Sham
81,19079838	83,91608392	84,50704225	Sham
83,91608392	84,50704225	82,19178082	Sham
84,50704225	82,19178082	80,10680908	Sham
82,19178082	80,10680908	83,56545961	Sham
80,10680908	83,56545961	83,91608392	Sham
83,56545961	83,91608392	89,28571429	Sham
83,91608392	89,28571429	84,50704225	Sham
89,28571429	84,50704225	83,91608392	Sham
84,50704225	83,91608392	77,92207792	Sham
83,91608392	77,92207792	78,02340702	Sham
77,92207792	78,02340702	79,15567282	Sham
78,02340702	79,15567282	73,6196319	Sham
79,15567282	73,6196319	83,44923505	Sham
73,6196319	83,44923505	77,41935484	Sham
83,44923505	77,41935484	81,30081301	Sham
77,41935484	81,30081301	79,57559682	Sham
103,0927835	98,52216749	86,95652174	HFpEF
98,52216749	86,95652174	90,90909091	HFpEF
86,95652174	90,90909091	86,83068017	HFpEF
90,90909091	86,83068017	103,2702238	HFpEF
86,83068017	103,2702238	109,2896175	HFpEF
103,2702238	109,2896175	100,1669449	HFpEF
109,2896175	100,1669449	94,63722397	HFpEF
100,1669449	94,63722397	94,04388715	HFpEF
94,63722397	94,04388715	93,60374415	HFpEF
94,04388715	93,60374415	96,93053312	HFpEF
93,60374415	96,93053312	91,88361409	HFpEF
96,93053312	91,88361409	92,02453988	HFpEF
91,88361409	92,02453988	94,04388715	HFpEF
92,02453988	94,04388715	102,3890785	HFpEF
94,04388715	102,3890785	94,48818898	HFpEF
102,3890785	94,48818898	98,68421053	HFpEF
94,48818898	98,68421053	108,4990958	HFpEF
98,68421053	108,4990958	98,52216749	HFpEF
108,4990958	98,52216749	113,2075472	HFpEF
98,52216749	113,2075472	100,8403361	HFpEF
113,2075472	100,8403361	100,5025126	HFpEF
100,8403361	100,5025126	90,63444109	HFpEF
100,5025126	90,63444109	118,1102362	HFpEF
90,63444109	118,1102362	104,1666667	HFpEF
118,1102362	104,1666667	100,8403361	HFpEF
104,1666667	100,8403361	91,04704097	HFpEF
100,8403361	91,04704097	90,77155825	HFpEF
91,04704097	90,77155825	82,53094911	HFpEF
90,77155825	82,53094911	80,75370121	HFpEF
82,53094911	80,75370121	92,59259259	HFpEF
80,75370121	92,59259259	107,1428571	HFpEF
92,59259259	107,1428571	98,36065574	HFpEF
107,1428571	98,36065574	109,6892139	HFpEF
98,36065574	109,6892139	98,36065574	HFpEF
109,6892139	98,36065574	98,84678748	HFpEF
98,36065574	98,84678748	105,0788091	HFpEF
98,84678748	105,0788091	102,915952	HFpEF
105,0788091	102,915952	115,6069364	HFpEF
102,915952	115,6069364	98,03921569	HFpEF
115,6069364	98,03921569	99,33774834	HFpEF
98,03921569	99,33774834	89,28571429	HFpEF
99,33774834	89,28571429	108,3032491	HFpEF
89,28571429	108,3032491	94,04388715	HFpEF
108,3032491	94,04388715	95,6937799	HFpEF
94,04388715	95,6937799	99,50248756	HFpEF
95,6937799	99,50248756	93,3125972	HFpEF
99,50248756	93,3125972	89,82035928	HFpEF
93,3125972	89,82035928	97,08737864	HFpEF
89,82035928	97,08737864	107,9136691	HFpEF
97,08737864	107,9136691	94,33962264	HFpEF
107,9136691	94,33962264	94,19152276	HFpEF
94,33962264	94,19152276	106,3829787	HFpEF
94,19152276	106,3829787	96	HFpEF
106,3829787	96	109,2896175	HFpEF
96	109,2896175	93,02325581	HFpEF
109,2896175	93,02325581	110,701107	HFpEF
93,02325581	110,701107	86,70520231	HFpEF
110,701107	86,70520231	91,04704097	HFpEF
86,70520231	91,04704097	108,1081081	HFpEF
91,04704097	108,1081081	95,6937799	HFpEF
108,1081081	95,6937799	94,04388715	HFpEF
95,6937799	94,04388715	115,1631478	HFpEF
94,04388715	115,1631478	95,38950715	HFpEF
115,1631478	95,38950715	112,7819549	HFpEF
95,38950715	112,7819549	95,54140127	HFpEF
112,7819549	95,54140127	97,87928222	HFpEF
95,54140127	97,87928222	108,3032491	HFpEF
97,87928222	108,3032491	94,63722397	HFpEF
108,3032491	94,63722397	97,56097561	HFpEF
94,63722397	97,56097561	99,50248756	HFpEF
97,56097561	99,50248756	88,23529412	HFpEF
99,50248756	88,23529412	101,6949153	HFpEF
88,23529412	101,6949153	97,87928222	HFpEF
101,6949153	97,87928222	86,33093525	HFpEF
97,87928222	86,33093525	96,15384615	HFpEF
86,33093525	96,15384615	101,3513514	HFpEF
96,15384615	101,3513514	90,90909091	HFpEF
101,3513514	90,90909091	109,4890511	HFpEF
90,90909091	109,4890511	96	HFpEF
109,4890511	96	108,6956522	HFpEF
96	108,6956522	95,38950715	HFpEF
108,6956522	95,38950715	102,2146508	HFpEF
95,38950715	102,2146508	101,8675722	HFpEF
102,2146508	101,8675722	87,97653959	HFpEF
101,8675722	87,97653959	107,3345259	HFpEF
87,97653959	107,3345259	96	HFpEF
107,3345259	96	93,89671362	HFpEF
96	93,89671362	120,9677419	HFpEF
93,89671362	120,9677419	121,2121212	HFpEF
120,9677419	121,2121212	106,9518717	HFpEF
121,2121212	106,9518717	106,5719361	HFpEF
106,9518717	106,5719361	117,6470588	HFpEF
106,5719361	117,6470588	97,4025974	HFpEF
117,6470588	97,4025974	108,6956522	HFpEF
97,4025974	108,6956522	93,16770186	HFpEF
108,6956522	93,16770186	110,0917431	HFpEF
93,16770186	110,0917431	94,63722397	HFpEF
110,0917431	94,63722397	106,7615658	HFpEF
94,63722397	106,7615658	95,23809524	HFpEF
106,7615658	95,23809524	115,8301158	HFpEF
95,23809524	115,8301158	89,95502249	HFpEF
115,8301158	89,95502249	90,90909091	HFpEF
89,95502249	90,90909091	112,1495327	HFpEF
90,90909091	112,1495327	91,74311927	HFpEF
112,1495327	91,74311927	113,2075472	HFpEF
91,74311927	113,2075472	94,48818898	HFpEF
113,2075472	94,48818898	114,9425287	HFpEF
94,48818898	114,9425287	95,84664537	HFpEF
114,9425287	95,84664537	111,1111111	HFpEF
95,84664537	111,1111111	106,7615658	HFpEF
111,1111111	106,7615658	146,3414634	HFpEF
106,7615658	146,3414634	118,8118812	HFpEF
146,3414634	118,8118812	110,9057301	HFpEF
118,8118812	110,9057301	123,7113402	HFpEF
110,9057301	123,7113402	126,8498943	HFpEF
123,7113402	126,8498943	119,2842942	HFpEF
126,8498943	119,2842942	96,3081862	HFpEF
119,2842942	96,3081862	114,9425287	HFpEF
96,3081862	114,9425287	164,3835616	HFpEF
114,9425287	164,3835616	106,3829787	HFpEF
164,3835616	106,3829787	93,02325581	HFpEF
106,3829787	93,02325581	117,8781925	HFpEF
93,02325581	117,8781925	115,1631478	HFpEF
117,8781925	115,1631478	104,3478261	HFpEF
115,1631478	104,3478261	111,5241636	HFpEF
104,3478261	111,5241636	96,15384615	HFpEF
111,5241636	96,15384615	109,6892139	HFpEF
96,15384615	109,6892139	91,60305344	HFpEF
109,6892139	91,60305344	115,6069364	HFpEF
91,60305344	115,6069364	96,15384615	HFpEF
115,6069364	96,15384615	119,2842942	HFpEF
96,15384615	119,2842942	107,9136691	HFpEF
119,2842942	107,9136691	107,5268817	HFpEF
107,9136691	107,5268817	115,8301158	HFpEF
107,5268817	115,8301158	99,50248756	HFpEF
115,8301158	99,50248756	107,7199282	HFpEF
99,50248756	107,7199282	93,60374415	HFpEF
107,7199282	93,60374415	118,3431953	HFpEF
93,60374415	118,3431953	116,0541586	HFpEF
118,3431953	116,0541586	101,010101	HFpEF
116,0541586	101,010101	127,1186441	HFpEF
101,010101	127,1186441	121,703854	HFpEF
127,1186441	121,703854	104,7120419	HFpEF
121,703854	104,7120419	105,8201058	HFpEF
104,7120419	105,8201058	98,84678748	HFpEF
105,8201058	98,84678748	112,1495327	HFpEF
98,84678748	112,1495327	115,6069364	HFpEF
112,1495327	115,6069364	95,08716323	HFpEF
115,6069364	95,08716323	116,7315175	HFpEF
95,08716323	116,7315175	93,75	HFpEF
116,7315175	93,75	115,3846154	HFpEF
93,75	115,3846154	105,8201058	HFpEF
115,3846154	105,8201058	100,1669449	HFpEF
105,8201058	100,1669449	95,84664537	HFpEF
100,1669449	95,84664537	107,3345259	HFpEF
95,84664537	107,3345259	94,04388715	HFpEF
107,3345259	94,04388715	88,75739645	HFpEF
94,04388715	88,75739645	123,4567901	HFpEF
88,75739645	123,4567901	115,3846154	HFpEF
123,4567901	115,3846154	112,7819549	HFpEF
115,3846154	112,7819549	107,5268817	HFpEF
112,7819549	107,5268817	94,33962264	HFpEF
107,5268817	94,33962264	94,78672986	HFpEF
94,33962264	94,78672986	92,02453988	HFpEF
94,78672986	92,02453988	85,22727273	HFpEF
92,02453988	85,22727273	88,10572687	HFpEF
85,22727273	88,10572687	91,18541033	HFpEF
88,10572687	91,18541033	107,3345259	HFpEF
91,18541033	107,3345259	97,08737864	HFpEF
107,3345259	97,08737864	95,54140127	HFpEF
97,08737864	95,54140127	105,6338028	HFpEF
95,54140127	105,6338028	92,16589862	HFpEF
105,6338028	92,16589862	104,1666667	HFpEF
92,16589862	104,1666667	98,84678748	HFpEF
104,1666667	98,84678748	105,0788091	HFpEF
98,84678748	105,0788091	98,52216749	HFpEF
105,0788091	98,52216749	92,44992296	HFpEF
98,52216749	92,44992296	112,1495327	HFpEF
92,44992296	112,1495327	94,93670886	HFpEF
112,1495327	94,93670886	108,3032491	HFpEF
94,93670886	108,3032491	94,19152276	HFpEF
108,3032491	94,19152276	116,2790698	HFpEF
94,19152276	116,2790698	88,75739645	HFpEF
116,2790698	88,75739645	111,7318436	HFpEF
88,75739645	111,7318436	92,02453988	HFpEF
111,7318436	92,02453988	99,00990099	HFpEF
92,02453988	99,00990099	100,1669449	HFpEF
99,00990099	100,1669449	94,33962264	HFpEF
100,1669449	94,33962264	125,2609603	HFpEF
94,33962264	125,2609603	147,0588235	HFpEF
125,2609603	147,0588235	126,3157895	HFpEF
147,0588235	126,3157895	108,1081081	HFpEF
126,3157895	108,1081081	96,15384615	HFpEF
108,1081081	96,15384615	107,1428571	HFpEF
96,15384615	107,1428571	97,71986971	HFpEF
107,1428571	97,71986971	111,1111111	HFpEF
97,71986971	111,1111111	125,2609603	HFpEF
111,1111111	125,2609603	159,5744681	HFpEF
125,2609603	159,5744681	117,1875	HFpEF
159,5744681	117,1875	250	HFpEF
117,1875	250	300	HFpEF
250	300	141,8439716	HFpEF
300	141,8439716	109,0909091	HFpEF
141,8439716	109,0909091	117,4168297	HFpEF
109,0909091	117,4168297	95,84664537	HFpEF
117,4168297	95,84664537	112,9943503	HFpEF
95,84664537	112,9943503	93,45794393	HFpEF
112,9943503	93,45794393	111,7318436	HFpEF
93,45794393	111,7318436	88,75739645	HFpEF
111,7318436	88,75739645	95,08716323	HFpEF
88,75739645	95,08716323	111,1111111	HFpEF
95,08716323	111,1111111	100	HFpEF
111,1111111	100	110,4972376	HFpEF
100	110,4972376	100	HFpEF
110,4972376	100	110,701107	HFpEF
100	110,701107	105,4481547	HFpEF
110,701107	105,4481547	93,16770186	HFpEF
105,4481547	93,16770186	99,17355372	HFpEF
93,16770186	99,17355372	100	HFpEF
99,17355372	100	94,04388715	HFpEF
100	94,04388715	108,4990958	HFpEF
94,04388715	108,4990958	90,90909091	HFpEF
108,4990958	90,90909091	112,1495327	HFpEF
90,90909091	112,1495327	90,90909091	HFpEF
112,1495327	90,90909091	95,08716323	HFpEF
90,90909091	95,08716323	103,4482759	HFpEF
95,08716323	103,4482759	87,71929825	HFpEF
103,4482759	87,71929825	94,04388715	HFpEF
87,71929825	94,04388715	104,3478261	HFpEF
94,04388715	104,3478261	86,45533141	HFpEF
104,3478261	86,45533141	94,33962264	HFpEF
86,45533141	94,33962264	106,9518717	HFpEF
94,33962264	106,9518717	92,87925697	HFpEF
106,9518717	92,87925697	116,0541586	HFpEF
92,87925697	116,0541586	101,6949153	HFpEF
116,0541586	101,6949153	101,8675722	HFpEF
101,6949153	101,8675722	96,3081862	HFpEF
101,8675722	96,3081862	107,3345259	HFpEF
96,3081862	107,3345259	95,54140127	HFpEF
107,3345259	95,54140127	112,1495327	HFpEF
95,54140127	112,1495327	102,739726	HFpEF
112,1495327	102,739726	96	HFpEF
102,739726	96	86,95652174	HFpEF
96	86,95652174	104,8951049	HFpEF
86,95652174	104,8951049	96,46302251	HFpEF
104,8951049	96,46302251	96,3081862	HFpEF
96,46302251	96,3081862	110,4972376	HFpEF
96,3081862	110,4972376	98,03921569	HFpEF
110,4972376	98,03921569	106,9518717	HFpEF
98,03921569	106,9518717	91,74311927	HFpEF
106,9518717	91,74311927	104,5296167	HFpEF
91,74311927	104,5296167	125,7861635	HFpEF
104,5296167	125,7861635	165,7458564	HFpEF
125,7861635	165,7458564	90,09009009	HFpEF
165,7458564	90,09009009	80,32128514	HFpEF
90,09009009	80,32128514	84,74576271	HFpEF
80,32128514	84,74576271	90,36144578	HFpEF
84,74576271	90,36144578	102,0408163	HFpEF
90,36144578	102,0408163	79,6812749	HFpEF
102,0408163	79,6812749	107,1428571	HFpEF
79,6812749	107,1428571	87,59124088	HFpEF
107,1428571	87,59124088	92,30769231	HFpEF
87,59124088	92,30769231	98,36065574	HFpEF
92,30769231	98,36065574	101,3513514	HFpEF
98,36065574	101,3513514	94,04388715	HFpEF
101,3513514	94,04388715	100,3344482	HFpEF
94,04388715	100,3344482	93,02325581	HFpEF
100,3344482	93,02325581	100,5025126	HFpEF
93,02325581	100,5025126	98,19967267	HFpEF
100,5025126	98,19967267	98,68421053	HFpEF
98,19967267	98,68421053	99,50248756	HFpEF
98,68421053	99,50248756	98,36065574	HFpEF
99,50248756	98,36065574	91,32420091	HFpEF
98,36065574	91,32420091	99,50248756	HFpEF
91,32420091	99,50248756	98,84678748	HFpEF
99,50248756	98,84678748	89,68609865	HFpEF
98,84678748	89,68609865	103,8062284	HFpEF
89,68609865	103,8062284	96,93053312	HFpEF
103,8062284	96,93053312	91,04704097	HFpEF
96,93053312	91,04704097	113,4215501	HFpEF
91,04704097	113,4215501	101,8675722	HFpEF
113,4215501	101,8675722	105,6338028	HFpEF
101,8675722	105,6338028	93,60374415	HFpEF
105,6338028	93,60374415	107,9136691	HFpEF
93,60374415	107,9136691	94,93670886	HFpEF
107,9136691	94,93670886	105,8201058	HFpEF
94,93670886	105,8201058	89,15304606	HFpEF
105,8201058	89,15304606	104,8951049	HFpEF
89,15304606	104,8951049	94,63722397	HFpEF
104,8951049	94,63722397	89,68609865	HFpEF
94,63722397	89,68609865	106,3829787	HFpEF
89,68609865	106,3829787	92,30769231	HFpEF
106,3829787	92,30769231	89,95502249	HFpEF
92,30769231	89,95502249	118,3431953	HFpEF
89,95502249	118,3431953	131,5789474	HFpEF
118,3431953	131,5789474	111,3172542	HFpEF
131,5789474	111,3172542	86,58008658	HFpEF
111,3172542	86,58008658	87,97653959	HFpEF
86,58008658	87,97653959	110,2941176	HFpEF
87,97653959	110,2941176	96,15384615	HFpEF
110,2941176	96,15384615	100	HFpEF
96,15384615	100	101,6949153	HFpEF
100	101,6949153	103,0927835	HFpEF
101,6949153	103,0927835	99,83361065	HFpEF
103,0927835	99,83361065	93,75	HFpEF
99,83361065	93,75	117,6470588	HFpEF
93,75	117,6470588	97,71986971	HFpEF
117,6470588	97,71986971	101,5228426	HFpEF
97,71986971	101,5228426	94,48818898	HFpEF
101,5228426	94,48818898	103,8062284	HFpEF
94,48818898	103,8062284	91,88361409	HFpEF
103,8062284	91,88361409	112,1495327	HFpEF
91,88361409	112,1495327	94,48818898	HFpEF
112,1495327	94,48818898	112,3595506	HFpEF
94,48818898	112,3595506	110,0917431	HFpEF
112,3595506	110,0917431	102,3890785	HFpEF
110,0917431	102,3890785	113,8519924	HFpEF
102,3890785	113,8519924	100,5025126	HFpEF
113,8519924	100,5025126	110,9057301	HFpEF
100,5025126	110,9057301	115,6069364	HFpEF
110,9057301	115,6069364	92,02453988	HFpEF
115,6069364	92,02453988	104,7120419	HFpEF
92,02453988	104,7120419	98,52216749	HFpEF
104,7120419	98,52216749	102,739726	HFpEF
98,52216749	102,739726	99,83361065	HFpEF
102,739726	99,83361065	95,23809524	HFpEF
99,83361065	95,23809524	110,0917431	HFpEF
95,23809524	110,0917431	93,16770186	HFpEF
110,0917431	93,16770186	103,2702238	HFpEF
93,16770186	103,2702238	94,63722397	HFpEF
103,2702238	94,63722397	88,62629247	HFpEF
94,63722397	88,62629247	98,19967267	HFpEF
88,62629247	98,19967267	104,1666667	HFpEF
98,19967267	104,1666667	94,04388715	HFpEF
104,1666667	94,04388715	111,5241636	HFpEF
94,04388715	111,5241636	96,93053312	HFpEF
111,5241636	96,93053312	102,739726	HFpEF
96,93053312	102,739726	95,23809524	HFpEF
102,739726	95,23809524	116,7315175	HFpEF
95,23809524	116,7315175	104,5296167	HFpEF
116,7315175	104,5296167	97,08737864	HFpEF
104,5296167	97,08737864	90,77155825	HFpEF
97,08737864	90,77155825	103,4482759	HFpEF
90,77155825	103,4482759	90,22556391	HFpEF
103,4482759	90,22556391	98,19967267	HFpEF
90,22556391	98,19967267	101,8675722	HFpEF
98,19967267	101,8675722	102,2146508	HFpEF
101,8675722	102,2146508	102,0408163	HFpEF
102,2146508	102,0408163	88,62629247	HFpEF
582	589	586	HFpEF 1
589	586	567	HFpEF 1
586	567	542	HFpEF 1
567	542	491	HFpEF 1
542	491	532	HFpEF 1
491	532	537	HFpEF 1
532	537	541	HFpEF 1
537	541	484	HFpEF 1
541	484	574	HFpEF 1
484	574	548	HFpEF 1
574	548	540	HFpEF 1
548	540	494	HFpEF 1
540	494	536	HFpEF 1
494	536	522	HFpEF 1
536	522	485	HFpEF 1
522	485	561	HFpEF 1
485	561	535	HFpEF 1
561	535	537	HFpEF 1
535	537	489	HFpEF 1
537	489	534	HFpEF 1
489	534	469	HFpEF 1
534	469	499	HFpEF 1
469	499	419	HFpEF 1
499	419	494	HFpEF 1
419	494	493	HFpEF 1
494	493	519	HFpEF 1
493	519	496	HFpEF 1
519	496	557	HFpEF 1
496	557	538	HFpEF 1
557	538	497	HFpEF 1
538	497	603	HFpEF 1
497	603	534	HFpEF 1
603	534	485	HFpEF 1
534	485	515	HFpEF 1
485	515	514	HFpEF 1
515	514	513	HFpEF 1
514	513	813	HFpEF 1
513	813	563	HFpEF 1
813	563	597	HFpEF 1
563	597	528	HFpEF 1
597	528	595	HFpEF 1
528	595	618	HFpEF 1
595	618	660	HFpEF 1
618	660	478	HFpEF 1
660	478	743	HFpEF 1
478	743	760	HFpEF 1
743	760	540	HFpEF 1
760	540	543	HFpEF 1
540	543	446	HFpEF 1
543	446	147	HFpEF 1
446	147	367	HFpEF 1
266	367	396	HFpEF 1
367	396	375	HFpEF 1
396	375	572	HFpEF 1
375	572	576	HFpEF 1
572	576	654	HFpEF 1
576	654	548	HFpEF 1
654	548	603	HFpEF 1
573	603	560	HFpEF 1
603	560	499	HFpEF 1
560	499	438	HFpEF 1
499	438	672	HFpEF 1
438	672	570	HFpEF 1
672	570	530	HFpEF 1
570	530	545	HFpEF 1
530	545	495	HFpEF 1
545	495	498	HFpEF 1
495	498	418	HFpEF 1
498	418	402	HFpEF 1
391	402	726	HFpEF 1
402	726	551	HFpEF 1
598	551	151	HFpEF 1
551	151	781	HFpEF 1
151	781	1017	HFpEF 1
781	1017	694	HFpEF 1
1017	694	428	HFpEF 1
694	428	896	HFpEF 1
428	896	767	HFpEF 1
896	767	709	HFpEF 1
767	709	737	HFpEF 1
709	737	645	HFpEF 1
737	645	603	HFpEF 1
645	603	528	HFpEF 1
603	528	633	HFpEF 1
528	633	707	HFpEF 1
633	707	612	HFpEF 1
707	612	657	HFpEF 1
612	657	699	HFpEF 1
657	699	539	HFpEF 1
699	539	599	HFpEF 1
539	599	748	HFpEF 1
339	748	775	HFpEF 1
748	775	829	HFpEF 1
775	829	748	HFpEF 1
829	748	652	HFpEF 1
748	652	503	HFpEF 1
652	503	582	HFpEF 1
503	582	724	HFpEF 1
582	724	643	HFpEF 1
724	643	620	HFpEF 1
643	620	736	HFpEF 1
620	736	626	HFpEF 1
736	626	599	HFpEF 1
626	599	567	HFpEF 1
599	567	666	HFpEF 1
567	666	635	HFpEF 1
666	635	534	HFpEF 1
635	534	605	HFpEF 1
534	605	583	HFpEF 1
605	583	559	HFpEF 1
583	559	508	HFpEF 1
559	508	532	HFpEF 1
508	532	501	HFpEF 1
532	501	624	HFpEF 1
501	624	762	HFpEF 1
624	762	647	HFpEF 1
762	647	578	HFpEF 1
647	578	569	HFpEF 1
578	569	491	HFpEF 1
569	491	608	HFpEF 1
491	608	601	HFpEF 1
608	601	564	HFpEF 1
601	564	563	HFpEF 1
564	563	742	HFpEF 1
563	742	675	HFpEF 1
935	675	742	HFpEF 1
675	742	671	HFpEF 1
742	671	560	HFpEF 1
671	560	554	HFpEF 1
560	554	630	HFpEF 1
554	630	658	HFpEF 1
630	658	632	HFpEF 1
658	632	649	HFpEF 1
632	649	556	HFpEF 1
649	556	528	HFpEF 1
556	528	547	HFpEF 1
528	547	590	HFpEF 1
547	590	607	HFpEF 1
590	607	602	HFpEF 1
607	602	601	HFpEF 1
602	601	569	HFpEF 1
601	569	674	HFpEF 1
569	674	604	HFpEF 1
674	604	629	HFpEF 1
604	629	520	HFpEF 1
629	520	531	HFpEF 1
520	531	513	HFpEF 1
531	513	489	HFpEF 1
513	489	1582	HFpEF 1
489	1582	613	HFpEF 1
1582	613	651	HFpEF 1
613	651	766	HFpEF 1
651	766	582	HFpEF 1
766	582	590	HFpEF 1
582	590	571	HFpEF 1
590	571	497	HFpEF 1
571	497	566	HFpEF 1
497	566	510	HFpEF 1
566	510	458	HFpEF 1
510	458	584	HFpEF 1
458	584	579	HFpEF 1
584	579	540	HFpEF 1
579	540	347	HFpEF 1
540	347	775	HFpEF 1
321	775	581	HFpEF 1
775	581	613	HFpEF 1
581	613	752	HFpEF 1
613	752	762	HFpEF 1
752	762	613	HFpEF 1
762	613	560	HFpEF 1
613	560	524	HFpEF 1
560	524	588	HFpEF 1
524	588	587	HFpEF 1
588	587	515	HFpEF 1
587	515	511	HFpEF 1
515	511	623	HFpEF 1
511	623	464	HFpEF 1
623	464	466	HFpEF 1
464	466	631	HFpEF 1
384	631	412	HFpEF 1
631	412	559	HFpEF 1
412	559	483	HFpEF 1
559	483	692	HFpEF 1
483	692	403	HFpEF 1
692	403	408	HFpEF 1
403	408	464	HFpEF 1
408	464	465	HFpEF 1
464	465	458	HFpEF 1
465	458	530	HFpEF 1
458	530	613	HFpEF 1
530	613	539	HFpEF 1
613	539	259	HFpEF 1
267	259	213	HFpEF 1
259	213	259	HFpEF 1
213	259	199	HFpEF 1
259	199	251	HFpEF 1
199	251	310	HFpEF 1
251	310	269	HFpEF 1
310	269	402	HFpEF 1
269	402	573	HFpEF 1
402	573	755	HFpEF 1
708	755	740	HFpEF 1
823	740	745	HFpEF 1
740	745	617	HFpEF 1
745	617	694	HFpEF 1
617	694	675	HFpEF 1
694	675	663	HFpEF 1
675	663	786	HFpEF 1
663	786	692	HFpEF 1
786	692	724	HFpEF 1
692	724	865	HFpEF 1
724	865	603	HFpEF 1
865	603	726	HFpEF 1
603	726	747	HFpEF 1
726	747	711	HFpEF 1
747	711	711	HFpEF 1
711	711	634	HFpEF 1
711	634	642	HFpEF 1
634	642	633	HFpEF 1
642	633	681	HFpEF 1
633	681	652	HFpEF 1
681	652	643	HFpEF 1
652	643	684	HFpEF 1
643	684	688	HFpEF 1
684	688	635	HFpEF 1
688	635	630	HFpEF 1
635	630	667	HFpEF 1
630	667	619	HFpEF 1
667	619	648	HFpEF 1
619	648	547	HFpEF 1
648	547	647	HFpEF 1
547	647	620	HFpEF 1
647	620	735	HFpEF 1
620	735	634	HFpEF 1
735	634	601	HFpEF 1
634	601	677	HFpEF 1
601	677	750	HFpEF 1
677	750	630	HFpEF 1
750	630	722	HFpEF 1
630	722	609	HFpEF 1
722	609	670	HFpEF 1
609	670	725	HFpEF 1
670	725	645	HFpEF 1
725	645	610	HFpEF 1
645	610	583	HFpEF 1
610	583	677	HFpEF 1
583	677	582	HFpEF 1
677	582	538	HFpEF 1
582	538	604	HFpEF 1
538	604	613	HFpEF 1
604	613	599	HFpEF 1
613	599	656	HFpEF 1
599	656	718	HFpEF 1
656	718	623	HFpEF 1
718	623	769	HFpEF 1
623	769	603	HFpEF 1
769	603	561	HFpEF 1
603	561	622	HFpEF 1
561	622	594	HFpEF 1
622	594	597	HFpEF 1
594	597	555	HFpEF 1
597	555	486	HFpEF 1
555	486	517	HFpEF 1
486	517	558	HFpEF 1
517	558	512	HFpEF 1
558	512	541	HFpEF 1
512	541	599	HFpEF 1
541	599	464	HFpEF 1
599	464	779	HFpEF 1
464	779	490	HFpEF 1
779	490	557	HFpEF 1
490	557	584	HFpEF 1
557	584	592	HFpEF 1
584	592	626	HFpEF 1
592	626	562	HFpEF 1
626	562	532	HFpEF 1
562	532	553	HFpEF 1
532	553	464	HFpEF 1
553	464	424	HFpEF 1
464	424	459	HFpEF 1
424	459	547	HFpEF 1
459	547	563	HFpEF 1
547	563	591	HFpEF 1
563	591	498	HFpEF 1
591	498	631	HFpEF 1
498	631	554	HFpEF 1
631	554	568	HFpEF 1
554	568	787	HFpEF 1
568	787	478	HFpEF 1
787	478	581	HFpEF 1
478	581	569	HFpEF 1
581	569	592	HFpEF 1
569	592	583	HFpEF 1
592	583	646	HFpEF 1
583	646	800	HFpEF 1
646	800	566	HFpEF 1
800	566	397	HFpEF 1
566	397	516	HFpEF 1
397	516	578	HFpEF 1
516	578	434	HFpEF 1
578	434	541	HFpEF 1
434	541	496	HFpEF 1
541	496	535	HFpEF 1
496	535	460	HFpEF 1
535	460	569	HFpEF 1
460	569	518	HFpEF 1
569	518	505	HFpEF 1
518	505	636	HFpEF 1
505	636	525	HFpEF 1
636	525	598	HFpEF 1
525	598	742	HFpEF 1
598	742	602	HFpEF 1
742	602	618	HFpEF 1
602	618	646	HFpEF 1
618	646	544	HFpEF 1
646	544	564	HFpEF 1
544	564	595	HFpEF 1
564	595	485	HFpEF 1
595	485	532	HFpEF 1
485	532	488	HFpEF 1
532	488	444	HFpEF 1
259	444	444	HFpEF 1
444	444	386	HFpEF 1
444	386	289	HFpEF 1
386	289	445	HFpEF 1
289	445	611	HFpEF 1
445	611	500	HFpEF 1
611	500	551	HFpEF 1
500	551	507	HFpEF 1
551	507	509	HFpEF 1
507	509	502	HFpEF 1
509	502	476	HFpEF 1
502	476	549	HFpEF 1
476	549	497	HFpEF 1
549	497	510	HFpEF 1
497	510	495	HFpEF 1
510	495	475	HFpEF 1
495	475	486	HFpEF 1
475	486	465	HFpEF 1
486	465	322	HFpEF 1
465	322	406	HFpEF 1
228	406	697	HFpEF 1
406	697	662	HFpEF 1
697	662	871	HFpEF 1
662	871	569	HFpEF 1
871	569	576	HFpEF 1
569	576	503	HFpEF 1
576	503	829	HFpEF 1
503	829	927	HFpEF 1
618	638	604	HFpEF 2
638	604	688	HFpEF 2
604	688	617	HFpEF 2
688	617	654	HFpEF 2
617	654	588	HFpEF 2
654	588	614	HFpEF 2
588	614	665	HFpEF 2
614	665	594	HFpEF 2
665	594	674	HFpEF 2
594	674	618	HFpEF 2
674	618	701	HFpEF 2
618	701	584	HFpEF 2
701	584	624	HFpEF 2
584	624	630	HFpEF 2
624	630	644	HFpEF 2
630	644	662	HFpEF 2
644	662	675	HFpEF 2
662	675	738	HFpEF 2
675	738	645	HFpEF 2
738	645	757	HFpEF 2
645	757	661	HFpEF 2
757	661	769	HFpEF 2
661	769	718	HFpEF 2
769	718	652	HFpEF 2
718	652	734	HFpEF 2
652	734	726	HFpEF 2
734	726	716	HFpEF 2
726	716	619	HFpEF 2
716	619	677	HFpEF 2
619	677	656	HFpEF 2
677	656	710	HFpEF 2
656	710	634	HFpEF 2
710	634	711	HFpEF 2
634	711	811	HFpEF 2
711	811	712	HFpEF 2
811	712	610	HFpEF 2
712	610	644	HFpEF 2
610	644	655	HFpEF 2
644	655	694	HFpEF 2
655	694	620	HFpEF 2
694	620	685	HFpEF 2
620	685	598	HFpEF 2
685	598	633	HFpEF 2
598	633	686	HFpEF 2
633	686	594	HFpEF 2
686	594	622	HFpEF 2
594	622	718	HFpEF 2
622	718	805	HFpEF 2
718	805	758	HFpEF 2
805	758	623	HFpEF 2
758	623	717	HFpEF 2
623	717	684	HFpEF 2
717	684	611	HFpEF 2
684	611	686	HFpEF 2
611	686	686	HFpEF 2
686	686	750	HFpEF 2
686	750	698	HFpEF 2
750	698	605	HFpEF 2
698	605	705	HFpEF 2
605	705	603	HFpEF 2
705	603	624	HFpEF 2
603	624	652	HFpEF 2
624	652	626	HFpEF 2
652	626	773	HFpEF 2
626	773	707	HFpEF 2
773	707	624	HFpEF 2
707	624	685	HFpEF 2
624	685	605	HFpEF 2
685	605	662	HFpEF 2
605	662	684	HFpEF 2
662	684	628	HFpEF 2
684	628	679	HFpEF 2
628	679	612	HFpEF 2
679	612	678	HFpEF 2
612	678	648	HFpEF 2
678	648	615	HFpEF 2
648	615	651	HFpEF 2
615	651	681	HFpEF 2
651	681	639	HFpEF 2
681	639	665	HFpEF 2
639	665	611	HFpEF 2
665	611	653	HFpEF 2
611	653	751	HFpEF 2
653	751	728	HFpEF 2
751	728	647	HFpEF 2
728	647	778	HFpEF 2
647	778	645	HFpEF 2
778	645	661	HFpEF 2
645	661	649	HFpEF 2
661	649	747	HFpEF 2
649	747	639	HFpEF 2
747	639	670	HFpEF 2
639	670	629	HFpEF 2
670	629	664	HFpEF 2
629	664	634	HFpEF 2
664	634	701	HFpEF 2
634	701	617	HFpEF 2
701	617	632	HFpEF 2
617	632	728	HFpEF 2
632	728	725	HFpEF 2
728	725	751	HFpEF 2
725	751	620	HFpEF 2
751	620	739	HFpEF 2
620	739	725	HFpEF 2
739	725	657	HFpEF 2
725	657	735	HFpEF 2
657	735	726	HFpEF 2
735	726	615	HFpEF 2
726	615	603	HFpEF 2
615	603	698	HFpEF 2
603	698	633	HFpEF 2
698	633	777	HFpEF 2
633	777	700	HFpEF 2
777	700	673	HFpEF 2
700	673	709	HFpEF 2
673	709	667	HFpEF 2
709	667	700	HFpEF 2
667	700	768	HFpEF 2
700	768	772	HFpEF 2
768	772	681	HFpEF 2
772	681	624	HFpEF 2
681	624	707	HFpEF 2
624	707	709	HFpEF 2
707	709	666	HFpEF 2
709	666	717	HFpEF 2
666	717	696	HFpEF 2
717	696	634	HFpEF 2
696	634	710	HFpEF 2
634	710	683	HFpEF 2
710	683	668	HFpEF 2
683	668	727	HFpEF 2
668	727	720	HFpEF 2
727	720	643	HFpEF 2
720	643	732	HFpEF 2
643	732	732	HFpEF 2
732	732	753	HFpEF 2
732	753	748	HFpEF 2
753	748	706	HFpEF 2
748	706	697	HFpEF 2
706	697	687	HFpEF 2
697	687	767	HFpEF 2
687	767	702	HFpEF 2
767	702	750	HFpEF 2
702	750	727	HFpEF 2
750	727	669	HFpEF 2
727	669	701	HFpEF 2
669	701	810	HFpEF 2
701	810	685	HFpEF 2
810	685	758	HFpEF 2
685	758	802	HFpEF 2
758	802	926	HFpEF 2
802	926	936	HFpEF 2
926	936	775	HFpEF 2
936	775	993	HFpEF 2
775	993	830	HFpEF 2
993	830	693	HFpEF 2
830	693	762	HFpEF 2
693	762	816	HFpEF 2
762	816	799	HFpEF 2
816	799	776	HFpEF 2
799	776	776	HFpEF 2
776	776	571	HFpEF 2
776	571	771	HFpEF 2
571	771	981	HFpEF 2
771	981	730	HFpEF 2
981	730	807	HFpEF 2
730	807	855	HFpEF 2
807	855	765	HFpEF 2
855	765	752	HFpEF 2
765	752	757	HFpEF 2
752	757	721	HFpEF 2
757	721	867	HFpEF 2
721	867	621	HFpEF 2
867	621	706	HFpEF 2
621	706	725	HFpEF 2
706	725	843	HFpEF 2
725	843	903	HFpEF 2
843	903	885	HFpEF 2
903	885	870	HFpEF 2
885	870	648	HFpEF 2
870	648	702	HFpEF 2
648	702	622	HFpEF 2
702	622	583	HFpEF 2
622	583	594	HFpEF 2
583	594	624	HFpEF 2
594	624	620	HFpEF 2
624	620	609	HFpEF 2
298	609	777	HFpEF 2
968	777	670	HFpEF 2
777	670	618	HFpEF 2
670	618	515	HFpEF 2
618	515	660	HFpEF 2
515	660	657	HFpEF 2
660	657	645	HFpEF 2
657	645	731	HFpEF 2
645	731	889	HFpEF 2
731	889	703	HFpEF 2
889	703	614	HFpEF 2
703	614	735	HFpEF 2
614	735	669	HFpEF 2
735	669	613	HFpEF 2
669	613	732	HFpEF 2
613	732	633	HFpEF 2
732	633	703	HFpEF 2
633	703	685	HFpEF 2
703	685	641	HFpEF 2
685	641	643	HFpEF 2
641	643	734	HFpEF 2
643	734	614	HFpEF 2
734	614	659	HFpEF 2
614	659	624	HFpEF 2
659	624	658	HFpEF 2
624	658	745	HFpEF 2
658	745	650	HFpEF 2
745	650	736	HFpEF 2
650	736	643	HFpEF 2
736	643	771	HFpEF 2
643	771	666	HFpEF 2
771	666	631	HFpEF 2
666	631	670	HFpEF 2
631	670	663	HFpEF 2
670	663	668	HFpEF 2
663	668	643	HFpEF 2
668	643	655	HFpEF 2
643	655	746	HFpEF 2
655	746	631	HFpEF 2
746	631	734	HFpEF 2
631	734	489	HFpEF 2
734	489	592	HFpEF 2
489	592	730	HFpEF 2
592	730	668	HFpEF 2
730	668	645	HFpEF 2
668	645	682	HFpEF 2
645	682	616	HFpEF 2
682	616	651	HFpEF 2
616	651	615	HFpEF 2
651	615	628	HFpEF 2
615	628	715	HFpEF 2
628	715	618	HFpEF 2
715	618	616	HFpEF 2
618	616	733	HFpEF 2
616	733	658	HFpEF 2
733	658	664	HFpEF 2
658	664	651	HFpEF 2
664	651	731	HFpEF 2
651	731	646	HFpEF 2
731	646	647	HFpEF 2
646	647	687	HFpEF 2
647	687	769	HFpEF 2
687	769	759	HFpEF 2
769	759	729	HFpEF 2
759	729	655	HFpEF 2
729	655	725	HFpEF 2
655	725	655	HFpEF 2
725	655	585	HFpEF 2
655	585	516	HFpEF 2
585	516	580	HFpEF 2
516	580	634	HFpEF 2
580	634	681	HFpEF 2
634	681	848	HFpEF 2
681	848	833	HFpEF 2
848	833	749	HFpEF 2
833	749	767	HFpEF 2
749	767	758	HFpEF 2
767	758	651	HFpEF 2
758	651	660	HFpEF 2
651	660	598	HFpEF 2
660	598	617	HFpEF 2
598	617	731	HFpEF 2
617	731	700	HFpEF 2
731	700	653	HFpEF 2
700	653	743	HFpEF 2
653	743	639	HFpEF 2
743	639	728	HFpEF 2
639	728	672	HFpEF 2
728	672	647	HFpEF 2
672	647	647	HFpEF 2
647	647	671	HFpEF 2
647	671	611	HFpEF 2
671	611	643	HFpEF 2
611	643	745	HFpEF 2
643	745	715	HFpEF 2
745	715	629	HFpEF 2
715	629	674	HFpEF 2
629	674	628	HFpEF 2
674	628	672	HFpEF 2
628	672	731	HFpEF 2
672	731	713	HFpEF 2
731	713	620	HFpEF 2
713	620	714	HFpEF 2
620	714	655	HFpEF 2
714	655	727	HFpEF 2
655	727	747	HFpEF 2
727	747	761	HFpEF 2
747	761	735	HFpEF 2
761	735	698	HFpEF 2
735	698	741	HFpEF 2
698	741	777	HFpEF 2
741	777	759	HFpEF 2
777	759	680	HFpEF 2
759	680	647	HFpEF 2
680	647	741	HFpEF 2
647	741	660	HFpEF 2
741	660	659	HFpEF 2
660	659	755	HFpEF 2
659	755	749	HFpEF 2
755	749	701	HFpEF 2
749	701	648	HFpEF 2
701	648	694	HFpEF 2
648	694	422	HFpEF 2
446	422	600	HFpEF 2
422	600	895	HFpEF 2
600	895	547	HFpEF 2
895	547	383	HFpEF 2
741	383	454	HFpEF 2
705	772	708	HFpEF-DREADDs (Gi)
772	708	768	HFpEF-DREADDs (Gi)
708	768	679	HFpEF-DREADDs (Gi)
768	679	713	HFpEF-DREADDs (Gi)
679	713	677	HFpEF-DREADDs (Gi)
713	677	752	HFpEF-DREADDs (Gi)
677	752	641	HFpEF-DREADDs (Gi)
752	641	655	HFpEF-DREADDs (Gi)
641	655	674	HFpEF-DREADDs (Gi)
655	674	668	HFpEF-DREADDs (Gi)
674	668	646	HFpEF-DREADDs (Gi)
668	646	679	HFpEF-DREADDs (Gi)
646	679	749	HFpEF-DREADDs (Gi)
679	749	651	HFpEF-DREADDs (Gi)
749	651	658	HFpEF-DREADDs (Gi)
651	658	673	HFpEF-DREADDs (Gi)
658	673	664	HFpEF-DREADDs (Gi)
673	664	641	HFpEF-DREADDs (Gi)
664	641	611	HFpEF-DREADDs (Gi)
641	611	640	HFpEF-DREADDs (Gi)
611	640	639	HFpEF-DREADDs (Gi)
640	639	646	HFpEF-DREADDs (Gi)
639	646	684	HFpEF-DREADDs (Gi)
646	684	616	HFpEF-DREADDs (Gi)
684	616	599	HFpEF-DREADDs (Gi)
616	599	622	HFpEF-DREADDs (Gi)
599	622	619	HFpEF-DREADDs (Gi)
622	619	637	HFpEF-DREADDs (Gi)
619	637	587	HFpEF-DREADDs (Gi)
637	587	598	HFpEF-DREADDs (Gi)
587	598	609	HFpEF-DREADDs (Gi)
598	609	605	HFpEF-DREADDs (Gi)
609	605	641	HFpEF-DREADDs (Gi)
605	641	634	HFpEF-DREADDs (Gi)
641	634	573	HFpEF-DREADDs (Gi)
634	573	578	HFpEF-DREADDs (Gi)
573	578	628	HFpEF-DREADDs (Gi)
578	628	614	HFpEF-DREADDs (Gi)
628	614	584	HFpEF-DREADDs (Gi)
614	584	611	HFpEF-DREADDs (Gi)
584	611	669	HFpEF-DREADDs (Gi)
611	669	709	HFpEF-DREADDs (Gi)
669	709	642	HFpEF-DREADDs (Gi)
709	642	632	HFpEF-DREADDs (Gi)
642	632	647	HFpEF-DREADDs (Gi)
632	647	665	HFpEF-DREADDs (Gi)
647	665	658	HFpEF-DREADDs (Gi)
665	658	628	HFpEF-DREADDs (Gi)
658	628	623	HFpEF-DREADDs (Gi)
628	623	659	HFpEF-DREADDs (Gi)
623	659	648	HFpEF-DREADDs (Gi)
659	648	596	HFpEF-DREADDs (Gi)
648	596	604	HFpEF-DREADDs (Gi)
596	604	606	HFpEF-DREADDs (Gi)
604	606	620	HFpEF-DREADDs (Gi)
606	620	606	HFpEF-DREADDs (Gi)
620	606	609	HFpEF-DREADDs (Gi)
606	609	623	HFpEF-DREADDs (Gi)
609	623	623	HFpEF-DREADDs (Gi)
623	623	661	HFpEF-DREADDs (Gi)
623	661	661	HFpEF-DREADDs (Gi)
661	661	622	HFpEF-DREADDs (Gi)
661	622	611	HFpEF-DREADDs (Gi)
622	611	647	HFpEF-DREADDs (Gi)
611	647	594	HFpEF-DREADDs (Gi)
647	594	588	HFpEF-DREADDs (Gi)
594	588	593	HFpEF-DREADDs (Gi)
588	593	630	HFpEF-DREADDs (Gi)
593	630	674	HFpEF-DREADDs (Gi)
630	674	550	HFpEF-DREADDs (Gi)
674	550	654	HFpEF-DREADDs (Gi)
550	654	620	HFpEF-DREADDs (Gi)
654	620	610	HFpEF-DREADDs (Gi)
620	610	605	HFpEF-DREADDs (Gi)
610	605	627	HFpEF-DREADDs (Gi)
605	627	592	HFpEF-DREADDs (Gi)
627	592	597	HFpEF-DREADDs (Gi)
592	597	597	HFpEF-DREADDs (Gi)
597	597	640	HFpEF-DREADDs (Gi)
597	640	619	HFpEF-DREADDs (Gi)
640	619	640	HFpEF-DREADDs (Gi)
619	640	642	HFpEF-DREADDs (Gi)
640	642	622	HFpEF-DREADDs (Gi)
642	622	634	HFpEF-DREADDs (Gi)
622	634	639	HFpEF-DREADDs (Gi)
634	639	665	HFpEF-DREADDs (Gi)
639	665	676	HFpEF-DREADDs (Gi)
665	676	622	HFpEF-DREADDs (Gi)
676	622	604	HFpEF-DREADDs (Gi)
622	604	621	HFpEF-DREADDs (Gi)
604	621	630	HFpEF-DREADDs (Gi)
621	630	630	HFpEF-DREADDs (Gi)
630	630	634	HFpEF-DREADDs (Gi)
630	634	658	HFpEF-DREADDs (Gi)
634	658	646	HFpEF-DREADDs (Gi)
658	646	619	HFpEF-DREADDs (Gi)
646	619	650	HFpEF-DREADDs (Gi)
619	650	628	HFpEF-DREADDs (Gi)
650	628	661	HFpEF-DREADDs (Gi)
628	661	642	HFpEF-DREADDs (Gi)
661	642	649	HFpEF-DREADDs (Gi)
642	649	696	HFpEF-DREADDs (Gi)
649	696	614	HFpEF-DREADDs (Gi)
696	614	629	HFpEF-DREADDs (Gi)
614	629	710	HFpEF-DREADDs (Gi)
629	710	653	HFpEF-DREADDs (Gi)
710	653	640	HFpEF-DREADDs (Gi)
653	640	639	HFpEF-DREADDs (Gi)
640	639	623	HFpEF-DREADDs (Gi)
639	623	602	HFpEF-DREADDs (Gi)
623	602	638	HFpEF-DREADDs (Gi)
602	638	646	HFpEF-DREADDs (Gi)
638	646	593	HFpEF-DREADDs (Gi)
646	593	633	HFpEF-DREADDs (Gi)
593	633	585	HFpEF-DREADDs (Gi)
633	585	633	HFpEF-DREADDs (Gi)
585	633	649	HFpEF-DREADDs (Gi)
633	649	617	HFpEF-DREADDs (Gi)
649	617	626	HFpEF-DREADDs (Gi)
617	626	613	HFpEF-DREADDs (Gi)
626	613	619	HFpEF-DREADDs (Gi)
613	619	595	HFpEF-DREADDs (Gi)
619	595	640	HFpEF-DREADDs (Gi)
595	640	614	HFpEF-DREADDs (Gi)
640	614	659	HFpEF-DREADDs (Gi)
614	659	660	HFpEF-DREADDs (Gi)
659	660	633	HFpEF-DREADDs (Gi)
660	633	664	HFpEF-DREADDs (Gi)
633	664	697	HFpEF-DREADDs (Gi)
664	697	621	HFpEF-DREADDs (Gi)
697	621	611	HFpEF-DREADDs (Gi)
621	611	649	HFpEF-DREADDs (Gi)
611	649	610	HFpEF-DREADDs (Gi)
649	610	626	HFpEF-DREADDs (Gi)
610	626	622	HFpEF-DREADDs (Gi)
626	622	673	HFpEF-DREADDs (Gi)
622	673	680	HFpEF-DREADDs (Gi)
673	680	671	HFpEF-DREADDs (Gi)
680	671	624	HFpEF-DREADDs (Gi)
671	624	629	HFpEF-DREADDs (Gi)
624	629	641	HFpEF-DREADDs (Gi)
629	641	651	HFpEF-DREADDs (Gi)
641	651	631	HFpEF-DREADDs (Gi)
651	631	745	HFpEF-DREADDs (Gi)
631	745	631	HFpEF-DREADDs (Gi)
745	631	604	HFpEF-DREADDs (Gi)
631	604	666	HFpEF-DREADDs (Gi)
604	666	634	HFpEF-DREADDs (Gi)
666	634	624	HFpEF-DREADDs (Gi)
634	624	613	HFpEF-DREADDs (Gi)
624	613	597	HFpEF-DREADDs (Gi)
613	597	650	HFpEF-DREADDs (Gi)
597	650	626	HFpEF-DREADDs (Gi)
650	626	604	HFpEF-DREADDs (Gi)
626	604	672	HFpEF-DREADDs (Gi)
604	672	629	HFpEF-DREADDs (Gi)
672	629	644	HFpEF-DREADDs (Gi)
629	644	604	HFpEF-DREADDs (Gi)
644	604	671	HFpEF-DREADDs (Gi)
604	671	668	HFpEF-DREADDs (Gi)
671	668	716	HFpEF-DREADDs (Gi)
668	716	670	HFpEF-DREADDs (Gi)
716	670	648	HFpEF-DREADDs (Gi)
670	648	661	HFpEF-DREADDs (Gi)
648	661	674	HFpEF-DREADDs (Gi)
661	674	679	HFpEF-DREADDs (Gi)
674	679	641	HFpEF-DREADDs (Gi)
679	641	659	HFpEF-DREADDs (Gi)
641	659	659	HFpEF-DREADDs (Gi)
659	659	682	HFpEF-DREADDs (Gi)
659	682	615	HFpEF-DREADDs (Gi)
682	615	709	HFpEF-DREADDs (Gi)
615	709	632	HFpEF-DREADDs (Gi)
709	632	648	HFpEF-DREADDs (Gi)
632	648	670	HFpEF-DREADDs (Gi)
648	670	705	HFpEF-DREADDs (Gi)
670	705	669	HFpEF-DREADDs (Gi)
705	669	618	HFpEF-DREADDs (Gi)
669	618	645	HFpEF-DREADDs (Gi)
618	645	674	HFpEF-DREADDs (Gi)
645	674	685	HFpEF-DREADDs (Gi)
674	685	687	HFpEF-DREADDs (Gi)
685	687	624	HFpEF-DREADDs (Gi)
687	624	640	HFpEF-DREADDs (Gi)
624	640	652	HFpEF-DREADDs (Gi)
640	652	684	HFpEF-DREADDs (Gi)
652	684	694	HFpEF-DREADDs (Gi)
684	694	681	HFpEF-DREADDs (Gi)
694	681	665	HFpEF-DREADDs (Gi)
681	665	664	HFpEF-DREADDs (Gi)
665	664	693	HFpEF-DREADDs (Gi)
664	693	703	HFpEF-DREADDs (Gi)
693	703	599	HFpEF-DREADDs (Gi)
703	599	642	HFpEF-DREADDs (Gi)
599	642	588	HFpEF-DREADDs (Gi)
642	588	642	HFpEF-DREADDs (Gi)
588	642	643	HFpEF-DREADDs (Gi)
642	643	650	HFpEF-DREADDs (Gi)
643	650	667	HFpEF-DREADDs (Gi)
650	667	666	HFpEF-DREADDs (Gi)
667	666	688	HFpEF-DREADDs (Gi)
666	688	681	HFpEF-DREADDs (Gi)
688	681	655	HFpEF-DREADDs (Gi)
681	655	689	HFpEF-DREADDs (Gi)
655	689	680	HFpEF-DREADDs (Gi)
689	680	633	HFpEF-DREADDs (Gi)
680	633	660	HFpEF-DREADDs (Gi)
633	660	660	HFpEF-DREADDs (Gi)
660	660	651	HFpEF-DREADDs (Gi)
660	651	667	HFpEF-DREADDs (Gi)
651	667	684	HFpEF-DREADDs (Gi)
667	684	636	HFpEF-DREADDs (Gi)
684	636	664	HFpEF-DREADDs (Gi)
636	664	650	HFpEF-DREADDs (Gi)
664	650	635	HFpEF-DREADDs (Gi)
650	635	643	HFpEF-DREADDs (Gi)
635	643	619	HFpEF-DREADDs (Gi)
643	619	634	HFpEF-DREADDs (Gi)
619	634	640	HFpEF-DREADDs (Gi)
634	640	626	HFpEF-DREADDs (Gi)
640	626	628	HFpEF-DREADDs (Gi)
626	628	619	HFpEF-DREADDs (Gi)
628	619	646	HFpEF-DREADDs (Gi)
619	646	639	HFpEF-DREADDs (Gi)
646	639	638	HFpEF-DREADDs (Gi)
639	638	651	HFpEF-DREADDs (Gi)
638	651	630	HFpEF-DREADDs (Gi)
651	630	640	HFpEF-DREADDs (Gi)
630	640	650	HFpEF-DREADDs (Gi)
640	650	594	HFpEF-DREADDs (Gi)
650	594	642	HFpEF-DREADDs (Gi)
594	642	633	HFpEF-DREADDs (Gi)
642	633	662	HFpEF-DREADDs (Gi)
633	662	760	HFpEF-DREADDs (Gi)
662	760	751	HFpEF-DREADDs (Gi)
760	751	655	HFpEF-DREADDs (Gi)
751	655	672	HFpEF-DREADDs (Gi)
655	672	785	HFpEF-DREADDs (Gi)
672	785	709	HFpEF-DREADDs (Gi)
785	709	711	HFpEF-DREADDs (Gi)
709	711	704	HFpEF-DREADDs (Gi)
711	704	707	HFpEF-DREADDs (Gi)
704	707	669	HFpEF-DREADDs (Gi)
707	669	645	HFpEF-DREADDs (Gi)
669	645	684	HFpEF-DREADDs (Gi)
645	684	749	HFpEF-DREADDs (Gi)
684	749	661	HFpEF-DREADDs (Gi)
749	661	669	HFpEF-DREADDs (Gi)
661	669	660	HFpEF-DREADDs (Gi)
669	660	719	HFpEF-DREADDs (Gi)
660	719	670	HFpEF-DREADDs (Gi)
719	670	677	HFpEF-DREADDs (Gi)
670	677	681	HFpEF-DREADDs (Gi)
677	681	692	HFpEF-DREADDs (Gi)
681	692	614	HFpEF-DREADDs (Gi)
692	614	657	HFpEF-DREADDs (Gi)
614	657	647	HFpEF-DREADDs (Gi)
657	647	650	HFpEF-DREADDs (Gi)
647	650	632	HFpEF-DREADDs (Gi)
650	632	662	HFpEF-DREADDs (Gi)
632	662	668	HFpEF-DREADDs (Gi)
662	668	636	HFpEF-DREADDs (Gi)
668	636	478	HFpEF-DREADDs (Gi)
636	478	632	HFpEF-DREADDs (Gi)
478	632	676	HFpEF-DREADDs (Gi)
632	676	647	HFpEF-DREADDs (Gi)
676	647	610	HFpEF-DREADDs (Gi)
647	610	661	HFpEF-DREADDs (Gi)
610	661	605	HFpEF-DREADDs (Gi)
661	605	669	HFpEF-DREADDs (Gi)
605	669	642	HFpEF-DREADDs (Gi)
669	642	662	HFpEF-DREADDs (Gi)
642	662	674	HFpEF-DREADDs (Gi)
662	674	651	HFpEF-DREADDs (Gi)
674	651	641	HFpEF-DREADDs (Gi)
651	641	577	HFpEF-DREADDs (Gi)
641	577	656	HFpEF-DREADDs (Gi)
577	656	653	HFpEF-DREADDs (Gi)
656	653	642	HFpEF-DREADDs (Gi)
653	642	641	HFpEF-DREADDs (Gi)
642	641	662	HFpEF-DREADDs (Gi)
641	662	705	HFpEF-DREADDs (Gi)
662	705	661	HFpEF-DREADDs (Gi)
705	661	702	HFpEF-DREADDs (Gi)
661	702	682	HFpEF-DREADDs (Gi)
702	682	686	HFpEF-DREADDs (Gi)
682	686	668	HFpEF-DREADDs (Gi)
686	668	715	HFpEF-DREADDs (Gi)
668	715	664	HFpEF-DREADDs (Gi)
715	664	704	HFpEF-DREADDs (Gi)
664	704	690	HFpEF-DREADDs (Gi)
704	690	672	HFpEF-DREADDs (Gi)
690	672	680	HFpEF-DREADDs (Gi)
672	680	682	HFpEF-DREADDs (Gi)
680	682	583	HFpEF-DREADDs (Gi)
682	583	688	HFpEF-DREADDs (Gi)
583	688	634	HFpEF-DREADDs (Gi)
688	634	638	HFpEF-DREADDs (Gi)
634	638	674	HFpEF-DREADDs (Gi)
638	674	663	HFpEF-DREADDs (Gi)
674	663	621	HFpEF-DREADDs (Gi)
663	621	640	HFpEF-DREADDs (Gi)
621	640	641	HFpEF-DREADDs (Gi)
640	641	629	HFpEF-DREADDs (Gi)
641	629	647	HFpEF-DREADDs (Gi)
629	647	620	HFpEF-DREADDs (Gi)
647	620	665	HFpEF-DREADDs (Gi)
620	665	662	HFpEF-DREADDs (Gi)
665	662	651	HFpEF-DREADDs (Gi)
662	651	665	HFpEF-DREADDs (Gi)
651	665	707	HFpEF-DREADDs (Gi)
665	707	672	HFpEF-DREADDs (Gi)
707	672	633	HFpEF-DREADDs (Gi)
672	633	629	HFpEF-DREADDs (Gi)
633	629	658	HFpEF-DREADDs (Gi)
629	658	622	HFpEF-DREADDs (Gi)
658	622	622	HFpEF-DREADDs (Gi)
622	622	658	HFpEF-DREADDs (Gi)
622	658	677	HFpEF-DREADDs (Gi)
658	677	661	HFpEF-DREADDs (Gi)
677	661	674	HFpEF-DREADDs (Gi)
661	674	724	HFpEF-DREADDs (Gi)
674	724	652	HFpEF-DREADDs (Gi)
724	652	624	HFpEF-DREADDs (Gi)
652	624	654	HFpEF-DREADDs (Gi)
624	654	663	HFpEF-DREADDs (Gi)
654	663	659	HFpEF-DREADDs (Gi)
663	659	677	HFpEF-DREADDs (Gi)
659	677	719	HFpEF-DREADDs (Gi)
677	719	688	HFpEF-DREADDs (Gi)
719	688	666	HFpEF-DREADDs (Gi)
688	666	694	HFpEF-DREADDs (Gi)
666	694	635	HFpEF-DREADDs (Gi)
694	635	708	HFpEF-DREADDs (Gi)
635	708	648	HFpEF-DREADDs (Gi)
708	648	638	HFpEF-DREADDs (Gi)
648	638	631	HFpEF-DREADDs (Gi)
638	631	639	HFpEF-DREADDs (Gi)
631	639	654	HFpEF-DREADDs (Gi)
639	654	633	HFpEF-DREADDs (Gi)
654	633	432	HFpEF-DREADDs (Gi)
633	432	485	HFpEF-DREADDs (Gi)
432	485	651	HFpEF-DREADDs (Gi)
485	651	658	HFpEF-DREADDs (Gi)
651	658	698	HFpEF-DREADDs (Gi)
658	698	670	HFpEF-DREADDs (Gi)
698	670	648	HFpEF-DREADDs (Gi)
670	648	700	HFpEF-DREADDs (Gi)
648	700	760	HFpEF-DREADDs (Gi)
